OG_ARR1:
[ 0.          0.20408163  0.40816327  0.6122449   0.81632653  1.02040816
  1.2244898   1.42857143  1.63265306  1.83673469  2.04081633  2.24489796
  2.44897959  2.65306122  2.85714286  3.06122449  3.26530612  3.46938776
  3.67346939  3.87755102  4.08163265  4.28571429  4.48979592  4.69387755
  4.89795918  5.10204082  5.30612245  5.51020408  5.71428571  5.91836735
  6.12244898  6.32653061  6.53061224  6.73469388  6.93877551  7.14285714
  7.34693878  7.55102041  7.75510204  7.95918367  8.16326531  8.36734694
  8.57142857  8.7755102   8.97959184  9.18367347  9.3877551   9.59183673
  9.79591837 10.        ]
OG_ARR2:
[0.50294382 0.79571704 0.18931221 0.20591589 0.39429906 0.10227968
 0.61598802 0.67012583 0.90092939 0.98963437 0.5777565  0.08548752
 0.06457558 0.88781109 0.92720786 0.77630192 0.81601712 0.14401325
 0.24905869 0.08803903 0.69178193 0.08057574 0.12483336 0.63669362
 0.03522293 0.42494854 0.51814855 0.04627487 0.06031307 0.78438692
 0.49926445 0.13800861 0.51628049 0.83761772 0.90561007 0.02090599
 0.57693429 0.7395484  0.74815518 0.05665704 0.03558559 0.38883723
 0.36958668 0.20725039 0.6679462  0.72249343 0.86295665 0.97240152
 0.64772118 0.33664741]
SUM_ARR:
[ 0.50294382  0.99979868  0.59747548  0.81816079  1.21062559  1.12268784
  1.84047782  2.09869726  2.53358245  2.82636906  2.61857283  2.33038548
  2.51355517  3.54087231  3.78435072  3.83752641  4.08132325  3.61340101
  3.92252808  3.96559005  4.77341458  4.36629003  4.61462928  5.33057118
  4.93318212  5.52698936  5.82427099  5.55647896  5.77459879  6.70275427
  6.62171343  6.46453922  7.04689274  7.57231159  7.84438558  7.16376313
  7.92387306  8.29056881  8.50325723  8.01584072  8.19885089  8.75618416
  8.94101525  8.98276059  9.64753804  9.9061669  10.25071175 10.56423826
 10.44363955 10.33664741]
SUM_TOT: 273.6370019318142
SUM_GREATER_5: 206.19056185614954

--- New Run ---
OG_ARR1:
[ 0.          0.20408163  0.40816327  0.6122449   0.81632653  1.02040816
  1.2244898   1.42857143  1.63265306  1.83673469  2.04081633  2.24489796
  2.44897959  2.65306122  2.85714286  3.06122449  3.26530612  3.46938776
  3.67346939  3.87755102  4.08163265  4.28571429  4.48979592  4.69387755
  4.89795918  5.10204082  5.30612245  5.51020408  5.71428571  5.91836735
  6.12244898  6.32653061  6.53061224  6.73469388  6.93877551  7.14285714
  7.34693878  7.55102041  7.75510204  7.95918367  8.16326531  8.36734694
  8.57142857  8.7755102   8.97959184  9.18367347  9.3877551   9.59183673
  9.79591837 10.        ]
OG_ARR2:
[0.38530731 0.51997884 0.83259145 0.7075468  0.10875416 0.32587426
 0.43288856 0.45538378 0.07787709 0.30512753 0.53147784 0.7670098
 0.64002946 0.62513212 0.90078832 0.49365658 0.993932   0.19498626
 0.93261032 0.52065467 0.67968591 0.44676584 0.18125982 0.48713067
 0.90420442 0.55867036 0.31740614 0.38668695 0.16103959 0.50013197
 0.98097132 0.70787156 0.31519079 0.85443397 0.58055744 0.75790207
 0.55927983 0.83429465 0.47850748 0.08186264 0.78453972 0.15123012
 0.61926896 0.91109178 0.62453545 0.44546541 0.48705831 0.30678909
 0.62691452 0.60156607]
SUM_ARR:
[ 0.38530731  0.72406048  1.24075472  1.3197917   0.92508069  1.34628242
  1.65737836  1.8839552   1.71053015  2.14186223  2.57229416  3.01190776
  3.08900905  3.27819335  3.75793117  3.55488107  4.25923812  3.66437401
  4.6060797   4.39820569  4.76131856  4.73248012  4.67105574  5.18100823
  5.8021636   5.66071118  5.62352859  5.89689103  5.8753253   6.41849931
  7.1034203   7.03440217  6.84580303  7.58912784  7.51933295  7.90075921
  7.90621861  8.38531506  8.23360952  8.04104631  8.94780503  8.51857705
  9.19069753  9.68660199  9.60412729  9.62913888  9.87481341  9.89862583
 10.42283289 10.60156607]
SUM_TOT: 277.08391997653126
SUM_GREATER_5: 213.39194822082743
